task_order
SAT_stims-16504778931590152.csv
vSAT_stims-16504778931870136.csv
vSAT_stims-16504778932030134.csv
SAT_stims-16504778931709802.csv
