task_order
MM_stims-16512555072398922.csv
ZM_stims-16512555072178936.csv
MM_stims-16512555072558925.csv
ZM_stims-16512555072398922.csv
MM_stims-16512555072718935.csv
ZM_stims-1651255507256895.csv
